sum_df <- structure(list(Participant = c(1404L, 1404L, 1404L, 1404L, 1404L, 
1404L, 1404L, 1408L, 1408L, 1408L, 1408L, 1408L, 1408L, 1408L, 
1408L, 1410L, 1410L, 1410L, 1410L, 1410L, 1410L, 1410L, 1410L, 
1411L, 1411L, 1411L, 1411L, 1411L, 1411L, 1411L, 1411L, 1412L, 
1412L, 1412L, 1412L, 1412L, 1412L, 1412L, 1412L, 1413L, 1413L, 
1413L, 1413L, 1413L, 1413L, 1413L, 1413L, 1416L, 1416L, 1416L, 
1416L, 1416L, 1416L, 1416L, 1416L, 1422L, 1422L, 1422L, 1422L, 
1422L, 1422L, 1422L, 1422L, 1424L, 1424L, 1424L, 1424L, 1424L, 
1424L, 1424L, 1424L, 1430L, 1430L, 1430L, 1430L, 1430L, 1430L, 
1430L, 1430L, 1432L, 1432L, 1432L, 1432L, 1432L, 1432L, 1432L, 
1432L, 1433L, 1433L, 1433L, 1433L, 1433L, 1433L, 1433L, 1433L, 
1441L, 1441L, 1441L, 1441L, 1441L, 1441L, 1441L, 1441L, 1444L, 
1444L, 1444L, 1444L, 1444L, 1444L, 1444L, 1444L, 1445L, 1445L, 
1445L, 1445L, 1445L, 1445L, 1445L, 1445L, 1446L, 1446L, 1446L, 
1446L, 1446L, 1446L, 1446L, 1446L, 1448L, 1448L, 1448L, 1448L, 
1448L, 1448L, 1448L, 1448L, 1452L, 1452L, 1452L, 1452L, 1452L, 
1452L, 1452L, 1452L, 1401L, 1401L, 1401L, 1401L, 1401L, 1401L, 
1401L, 1401L, 1401L, 1405L, 1405L, 1405L, 1405L, 1405L, 1405L, 
1405L, 1405L, 1405L, 1417L, 1417L, 1417L, 1417L, 1417L, 1417L, 
1417L, 1417L, 1417L, 1418L, 1418L, 1418L, 1418L, 1418L, 1418L, 
1418L, 1418L, 1418L, 1419L, 1419L, 1419L, 1419L, 1419L, 1419L, 
1419L, 1419L, 1419L, 1420L, 1420L, 1420L, 1420L, 1420L, 1420L, 
1420L, 1420L, 1420L, 1423L, 1423L, 1423L, 1423L, 1423L, 1423L, 
1423L, 1423L, 1423L, 1427L, 1427L, 1427L, 1427L, 1427L, 1427L, 
1427L, 1427L, 1427L, 1431L, 1431L, 1431L, 1431L, 1431L, 1431L, 
1431L, 1431L, 1431L, 1435L, 1435L, 1435L, 1435L, 1435L, 1435L, 
1435L, 1435L, 1435L, 1436L, 1436L, 1436L, 1436L, 1436L, 1436L, 
1436L, 1436L, 1436L, 1437L, 1437L, 1437L, 1437L, 1437L, 1437L, 
1437L, 1437L, 1437L, 1439L, 1439L, 1439L, 1439L, 1439L, 1439L, 
1439L, 1439L, 1439L, 1440L, 1440L, 1440L, 1440L, 1440L, 1440L, 
1440L, 1440L, 1440L, 1443L, 1443L, 1443L, 1443L, 1443L, 1443L, 
1443L, 1443L, 1443L, 1447L, 1447L, 1447L, 1447L, 1447L, 1447L, 
1447L, 1447L, 1447L, 1449L, 1449L, 1449L, 1449L, 1449L, 1449L, 
1449L, 1449L, 1449L, 1454L, 1454L, 1454L, 1454L, 1454L, 1454L, 
1454L, 1454L, 1454L, 1401L, 1401L, 1401L, 1401L, 1401L, 1401L, 
1401L, 1405L, 1405L, 1405L, 1405L, 1405L, 1405L, 1405L, 1417L, 
1417L, 1417L, 1417L, 1417L, 1418L, 1418L, 1418L, 1418L, 1418L, 
1418L, 1418L, 1419L, 1419L, 1419L, 1419L, 1419L, 1419L, 1419L, 
1420L, 1420L, 1420L, 1420L, 1420L, 1420L, 1420L, 1423L, 1423L, 
1423L, 1423L, 1423L, 1423L, 1423L, 1427L, 1427L, 1427L, 1427L, 
1427L, 1427L, 1431L, 1431L, 1431L, 1431L, 1431L, 1431L, 1431L, 
1435L, 1435L, 1435L, 1435L, 1435L, 1435L, 1435L, 1436L, 1436L, 
1436L, 1436L, 1436L, 1436L, 1436L, 1437L, 1437L, 1437L, 1437L, 
1437L, 1437L, 1437L, 1439L, 1439L, 1439L, 1439L, 1439L, 1439L, 
1439L, 1440L, 1440L, 1440L, 1440L, 1440L, 1440L, 1440L, 1443L, 
1443L, 1443L, 1443L, 1443L, 1443L, 1447L, 1447L, 1447L, 1447L, 
1447L, 1447L, 1447L, 1449L, 1449L, 1449L, 1449L, 1449L, 1449L, 
1454L, 1454L, 1454L, 1454L, 1454L, 1454L, 1454L, 1404L, 1404L, 
1404L, 1404L, 1404L, 1404L, 1404L, 1404L, 1404L, 1408L, 1408L, 
1408L, 1408L, 1408L, 1408L, 1408L, 1408L, 1408L, 1410L, 1410L, 
1410L, 1410L, 1410L, 1410L, 1410L, 1410L, 1410L, 1411L, 1411L, 
1411L, 1411L, 1411L, 1411L, 1411L, 1411L, 1411L, 1412L, 1412L, 
1412L, 1412L, 1412L, 1412L, 1412L, 1412L, 1412L, 1413L, 1413L, 
1413L, 1413L, 1413L, 1413L, 1413L, 1413L, 1413L, 1416L, 1416L, 
1416L, 1416L, 1416L, 1416L, 1416L, 1416L, 1416L, 1422L, 1422L, 
1422L, 1422L, 1422L, 1422L, 1422L, 1422L, 1422L, 1424L, 1424L, 
1424L, 1424L, 1424L, 1424L, 1424L, 1424L, 1424L, 1430L, 1430L, 
1430L, 1430L, 1430L, 1430L, 1430L, 1430L, 1430L, 1432L, 1432L, 
1432L, 1432L, 1432L, 1432L, 1432L, 1432L, 1432L, 1433L, 1433L, 
1433L, 1433L, 1433L, 1433L, 1433L, 1433L, 1433L, 1441L, 1441L, 
1441L, 1441L, 1441L, 1441L, 1441L, 1441L, 1441L, 1444L, 1444L, 
1444L, 1444L, 1444L, 1444L, 1444L, 1444L, 1444L, 1445L, 1445L, 
1445L, 1445L, 1445L, 1445L, 1445L, 1445L, 1445L, 1446L, 1446L, 
1446L, 1446L, 1446L, 1446L, 1446L, 1446L, 1446L, 1448L, 1448L, 
1448L, 1448L, 1448L, 1448L, 1448L, 1448L, 1448L, 1452L, 1452L, 
1452L, 1452L, 1452L, 1452L, 1452L, 1452L, 1452L, 1401L, 1404L, 
1405L, 1408L, 1410L, 1411L, 1412L, 1413L, 1416L, 1417L, 1418L, 
1419L, 1420L, 1422L, 1423L, 1424L, 1427L, 1430L, 1431L, 1432L, 
1433L, 1435L, 1436L, 1437L, 1439L, 1440L, 1441L, 1443L, 1444L, 
1445L, 1446L, 1447L, 1448L, 1449L, 1452L, 1454L, 1404L, 1417L, 
1401L, 1405L, 1417L, 1417L, 1418L, 1419L, 1420L, 1423L, 1427L, 
1427L, 1431L, 1435L, 1436L, 1437L, 1439L, 1440L, 1443L, 1443L, 
1447L, 1449L, 1449L, 1454L), TrainingGroup = structure(c(5L, 
5L, 5L, 5L, 5L, 5L, 5L, 5L, 5L, 5L, 5L, 5L, 5L, 5L, 5L, 5L, 5L, 
5L, 5L, 5L, 5L, 5L, 5L, 5L, 5L, 5L, 5L, 5L, 5L, 5L, 5L, 5L, 5L, 
5L, 5L, 5L, 5L, 5L, 5L, 5L, 5L, 5L, 5L, 5L, 5L, 5L, 5L, 5L, 5L, 
5L, 5L, 5L, 5L, 5L, 5L, 5L, 5L, 5L, 5L, 5L, 5L, 5L, 5L, 5L, 5L, 
5L, 5L, 5L, 5L, 5L, 5L, 5L, 5L, 5L, 5L, 5L, 5L, 5L, 5L, 5L, 5L, 
5L, 5L, 5L, 5L, 5L, 5L, 5L, 5L, 5L, 5L, 5L, 5L, 5L, 5L, 5L, 5L, 
5L, 5L, 5L, 5L, 5L, 5L, 5L, 5L, 5L, 5L, 5L, 5L, 5L, 5L, 5L, 5L, 
5L, 5L, 5L, 5L, 5L, 5L, 5L, 5L, 5L, 5L, 5L, 5L, 5L, 5L, 5L, 5L, 
5L, 5L, 5L, 5L, 5L, 5L, 5L, 5L, 5L, 5L, 5L, 5L, 5L, 5L, 3L, 3L, 
3L, 3L, 3L, 3L, 3L, 3L, 3L, 3L, 3L, 3L, 3L, 3L, 3L, 3L, 3L, 3L, 
3L, 3L, 3L, 3L, 3L, 3L, 3L, 3L, 3L, 3L, 3L, 3L, 3L, 3L, 3L, 3L, 
3L, 3L, 3L, 3L, 3L, 3L, 3L, 3L, 3L, 3L, 3L, 3L, 3L, 3L, 3L, 3L, 
3L, 3L, 3L, 3L, 3L, 3L, 3L, 3L, 3L, 3L, 3L, 3L, 3L, 3L, 3L, 3L, 
3L, 3L, 3L, 3L, 3L, 3L, 3L, 3L, 3L, 3L, 3L, 3L, 3L, 3L, 3L, 3L, 
3L, 3L, 3L, 3L, 3L, 3L, 3L, 3L, 3L, 3L, 3L, 3L, 3L, 3L, 3L, 3L, 
3L, 3L, 3L, 3L, 3L, 3L, 3L, 3L, 3L, 3L, 3L, 3L, 3L, 3L, 3L, 3L, 
3L, 3L, 3L, 3L, 3L, 3L, 3L, 3L, 3L, 3L, 3L, 3L, 3L, 3L, 3L, 3L, 
3L, 3L, 3L, 3L, 3L, 3L, 3L, 3L, 3L, 3L, 3L, 3L, 3L, 3L, 3L, 3L, 
3L, 3L, 3L, 3L, 3L, 3L, 3L, 3L, 3L, 3L, 3L, 3L, 3L, 3L, 3L, 3L, 
3L, 3L, 3L, 3L, 3L, 3L, 3L, 3L, 3L, 3L, 3L, 3L, 3L, 3L, 3L, 3L, 
3L, 3L, 3L, 3L, 3L, 3L, 3L, 3L, 3L, 3L, 3L, 3L, 3L, 3L, 3L, 3L, 
3L, 3L, 3L, 3L, 3L, 3L, 3L, 3L, 3L, 3L, 3L, 3L, 3L, 3L, 3L, 3L, 
3L, 3L, 3L, 3L, 3L, 3L, 3L, 3L, 3L, 3L, 3L, 3L, 3L, 3L, 3L, 3L, 
3L, 3L, 3L, 3L, 3L, 3L, 3L, 3L, 3L, 3L, 3L, 3L, 3L, 3L, 3L, 3L, 
3L, 3L, 3L, 3L, 3L, 3L, 3L, 3L, 3L, 3L, 3L, 3L, 3L, 3L, 3L, 3L, 
3L, 3L, 3L, 3L, 3L, 3L, 3L, 3L, 3L, 3L, 3L, 3L, 3L, 3L, 3L, 3L, 
3L, 3L, 3L, 3L, 3L, 3L, 3L, 3L, 3L, 5L, 5L, 5L, 5L, 5L, 5L, 5L, 
5L, 5L, 5L, 5L, 5L, 5L, 5L, 5L, 5L, 5L, 5L, 5L, 5L, 5L, 5L, 5L, 
5L, 5L, 5L, 5L, 5L, 5L, 5L, 5L, 5L, 5L, 5L, 5L, 5L, 5L, 5L, 5L, 
5L, 5L, 5L, 5L, 5L, 5L, 5L, 5L, 5L, 5L, 5L, 5L, 5L, 5L, 5L, 5L, 
5L, 5L, 5L, 5L, 5L, 5L, 5L, 5L, 5L, 5L, 5L, 5L, 5L, 5L, 5L, 5L, 
5L, 5L, 5L, 5L, 5L, 5L, 5L, 5L, 5L, 5L, 5L, 5L, 5L, 5L, 5L, 5L, 
5L, 5L, 5L, 5L, 5L, 5L, 5L, 5L, 5L, 5L, 5L, 5L, 5L, 5L, 5L, 5L, 
5L, 5L, 5L, 5L, 5L, 5L, 5L, 5L, 5L, 5L, 5L, 5L, 5L, 5L, 5L, 5L, 
5L, 5L, 5L, 5L, 5L, 5L, 5L, 5L, 5L, 5L, 5L, 5L, 5L, 5L, 5L, 5L, 
5L, 5L, 5L, 5L, 5L, 5L, 5L, 5L, 5L, 5L, 5L, 5L, 5L, 5L, 5L, 5L, 
5L, 5L, 5L, 5L, 5L, 5L, 5L, 5L, 5L, 5L, 5L, 3L, 5L, 3L, 5L, 5L, 
5L, 5L, 5L, 5L, 3L, 3L, 3L, 3L, 5L, 3L, 5L, 3L, 5L, 3L, 5L, 5L, 
3L, 3L, 3L, 3L, 3L, 5L, 3L, 5L, 5L, 5L, 3L, 5L, 3L, 5L, 3L, 5L, 
3L, 3L, 3L, 3L, 3L, 3L, 3L, 3L, 3L, 3L, 3L, 3L, 3L, 3L, 3L, 3L, 
3L, 3L, 3L, 3L, 3L, 3L, 3L), .Label = c("", " ", "No", "yes", 
"Yes"), class = "factor"),